atom1,res1,chain1,atom1_xcoord,atom1_ycoord,atom1_zcoord,atom1_chg,atom1_resnum,atom2,res2,chain2,atom2_xcoord,atom2_ycoord,atom2_zcoord,atom2_chg,atom2_resnum,distance,intene
52,ARG,A,10.443,-0.354,4.153,0.5,25,2829,GLU,B,6.667,-9.99,0.519,-0.5,168,10.968893654329959,-1.0917141627129423
52,ARG,A,10.443,-0.354,4.153,0.5,25,2830,GLU,B,8.724,-10.524,1.122,-0.5,168,10.75038706279918,-1.113903758234182
52,ARG,A,10.443,-0.354,4.153,0.5,25,2908,ARG,B,16.985,3.673,-4.702,0.5,178,11.72286304620164,1.0214993133101695
52,ARG,A,10.443,-0.354,4.153,0.5,25,2909,ARG,B,15.709,2.598,-3.121,0.5,178,9.452837457610281,1.2668044495024506
52,ARG,A,10.443,-0.354,4.153,0.5,25,3150,GLU,B,9.208,2.294,6.175,-0.5,207,3.5532538608998934,-3.370121308667596
52,ARG,A,10.443,-0.354,4.153,0.5,25,3151,GLU,B,10.722,2.786,4.64,-0.5,207,3.1897664491307194,-3.754160921401489
53,ARG,A,10.359,-2.322,2.993,0.5,25,2829,GLU,B,6.667,-9.99,0.519,-0.5,168,8.862830473387156,-1.351136816582663
53,ARG,A,10.359,-2.322,2.993,0.5,25,2830,GLU,B,8.724,-10.524,1.122,-0.5,168,8.57010326658903,-1.3972873113920181
53,ARG,A,10.359,-2.322,2.993,0.5,25,2908,ARG,B,16.985,3.673,-4.702,0.5,178,11.792240075575123,1.0154895486335411
53,ARG,A,10.359,-2.322,2.993,0.5,25,2909,ARG,B,15.709,2.598,-3.121,0.5,178,9.497889028621044,1.2607955847492902
53,ARG,A,10.359,-2.322,2.993,0.5,25,3150,GLU,B,9.208,2.294,6.175,-0.5,207,5.723406415763256,-2.092267380967948
53,ARG,A,10.359,-2.322,2.993,0.5,25,3151,GLU,B,10.722,2.786,4.64,-0.5,207,5.379223178117822,-2.2261386366040545
96,GLU,A,16.532,-11.539,-10.514,-0.5,31,2007,ARG,B,12.5,-14.431,-19.759,0.5,66,10.492412163082426,-1.141291093563579
96,GLU,A,16.532,-11.539,-10.514,-0.5,31,2008,ARG,B,14.02,-13.56,-18.277,0.5,66,8.405876158973557,-1.4245863637832126
96,GLU,A,16.532,-11.539,-10.514,-0.5,31,2435,ASP,B,7.628,-15.919,-9.32,-0.5,120,9.994561120929724,1.1981413097416924
96,GLU,A,16.532,-11.539,-10.514,-0.5,31,2436,ASP,B,7.61,-16.578,-11.413,-0.5,120,10.286000486097597,1.1641936599078744
97,GLU,A,18.414,-10.722,-11.314,-0.5,31,2007,ARG,B,12.5,-14.431,-19.759,0.5,66,10.956737744420098,-1.0929253607281562
97,GLU,A,18.414,-10.722,-11.314,-0.5,31,2008,ARG,B,14.02,-13.56,-18.277,0.5,66,8.70889482081395,-1.3750190808487617
145,ARG,A,2.971,-17.258,-12.998,0.5,37,1824,LYS,B,2.681,-25.768,-16.219,1.0,44,9.103792671189302,2.630748960182495
145,ARG,A,2.971,-17.258,-12.998,0.5,37,2404,HIS,B,6.318,-18.768,-4.461,0.5,116,9.293162970700557,1.2885705964135719
145,ARG,A,2.971,-17.258,-12.998,0.5,37,2407,HIS,B,5.227,-20.2,-3.297,0.5,116,10.385292533193274,1.1530629987985606
145,ARG,A,2.971,-17.258,-12.998,0.5,37,2435,ASP,B,7.628,-15.919,-9.32,-0.5,120,6.083440967084336,-1.9684413174249067
145,ARG,A,2.971,-17.258,-12.998,0.5,37,2436,ASP,B,7.61,-16.578,-11.413,-0.5,120,4.949236910878282,-2.41954401604895
146,ARG,A,4.455,-17.711,-11.294,0.5,37,1824,LYS,B,2.681,-25.768,-16.219,1.0,44,9.608223040708413,2.492635006699684
146,ARG,A,4.455,-17.711,-11.294,0.5,37,2404,HIS,B,6.318,-18.768,-4.461,0.5,116,7.160859375801204,1.672270871872038
146,ARG,A,4.455,-17.711,-11.294,0.5,37,2407,HIS,B,5.227,-20.2,-3.297,0.5,116,8.410892580457796,1.4237367125038656
146,ARG,A,4.455,-17.711,-11.294,0.5,37,2435,ASP,B,7.628,-15.919,-9.32,-0.5,120,4.1443779991694765,-2.8894315513989985
146,ARG,A,4.455,-17.711,-11.294,0.5,37,2436,ASP,B,7.61,-16.578,-11.413,-0.5,120,3.354381463101655,-3.569926880245593
193,ASP,A,1.004,-23.745,-26.914,-0.5,43,1824,LYS,B,2.681,-25.768,-16.219,1.0,44,11.013077816850293,-2.1746684715878852
194,ASP,A,0.526,-25.857,-27.352,-0.5,43,1824,LYS,B,2.681,-25.768,-16.219,1.0,44,11.340001543209771,-2.1119744130713163
203,LYS,A,1.333,-34.173,-24.412,1.0,44,1814,ASP,B,2.054,-35.818,-19.08,-0.5,43,5.62637449873362,-4.2567008486262115
203,LYS,A,1.333,-34.173,-24.412,1.0,44,1815,ASP,B,1.573,-34.036,-17.881,-0.5,43,6.536844039748844,-3.6638158961443517
203,LYS,A,1.333,-34.173,-24.412,1.0,44,1824,LYS,B,2.681,-25.768,-16.219,1.0,44,11.814667917465982,4.054247359427271
301,GLU,A,17.701,-29.698,-35.034,-0.5,56,1989,ASP,B,20.391,-21.426,-27.056,-0.5,64,11.802989790726754,1.014564679292737
302,GLU,A,15.908,-29.553,-33.763,-0.5,56,1989,ASP,B,20.391,-21.426,-27.056,-0.5,64,11.451168804973578,1.0457357459024696
311,LYS,A,23.272,-22.453,-27.303,1.0,57,1939,HIS,B,24.682,-27.708,-22.42,0.5,58,7.310732795007623,3.275977083966629
311,LYS,A,23.272,-22.453,-27.303,1.0,57,1942,HIS,B,24.146,-29.646,-21.675,0.5,58,9.174830189164268,2.6103799862948587
311,LYS,A,23.272,-22.453,-27.303,1.0,57,1956,ASP,B,24.185,-23.533,-23.466,-0.5,60,4.0893199923703705,-5.8566688711405535
311,LYS,A,23.272,-22.453,-27.303,1.0,57,1957,ASP,B,24.443,-22.594,-25.4,-0.5,60,2.23886824087529,-10.69727671606305
311,LYS,A,23.272,-22.453,-27.303,1.0,57,1980,ARG,B,25.43,-17.962,-22.835,0.5,63,6.692463597211419,3.578621348561022
311,LYS,A,23.272,-22.453,-27.303,1.0,57,1981,ARG,B,26.029,-16.425,-24.438,0.5,63,7.221222749645659,3.3165841760834027
311,LYS,A,23.272,-22.453,-27.303,1.0,57,1988,ASP,B,20.53,-19.593,-28.276,-0.5,64,4.079815314447455,-5.870313055259436
311,LYS,A,23.272,-22.453,-27.303,1.0,57,1989,ASP,B,20.391,-21.426,-27.056,-0.5,64,3.0685336889139743,-7.804963390160681
318,HIS,A,24.757,-27.563,-25.607,0.5,58,1932,LYS,B,24.527,-33.359,-19.965,1.0,57,8.091889766920952,2.9597280478724834
318,HIS,A,24.757,-27.563,-25.607,0.5,58,1939,HIS,B,24.682,-27.708,-22.42,0.5,58,3.1911783090263044,3.752499983423969
318,HIS,A,24.757,-27.563,-25.607,0.5,58,1942,HIS,B,24.146,-29.646,-21.675,0.5,58,4.491417816235759,2.6661729194814154
318,HIS,A,24.757,-27.563,-25.607,0.5,58,1956,ASP,B,24.185,-23.533,-23.466,-0.5,60,4.599126547508774,-2.60373278013205
318,HIS,A,24.757,-27.563,-25.607,0.5,58,1957,ASP,B,24.443,-22.594,-25.4,-0.5,60,4.983212417708077,-2.4030475821521846
318,HIS,A,24.757,-27.563,-25.607,0.5,58,1980,ARG,B,25.43,-17.962,-22.835,0.5,63,10.015793228696365,1.1956014145154996
318,HIS,A,24.757,-27.563,-25.607,0.5,58,1981,ARG,B,26.029,-16.425,-24.438,0.5,63,11.271184010564284,1.0624346599700862
318,HIS,A,24.757,-27.563,-25.607,0.5,58,1988,ASP,B,20.53,-19.593,-28.276,-0.5,64,9.408081100840915,-1.272830923051226
318,HIS,A,24.757,-27.563,-25.607,0.5,58,1989,ASP,B,20.391,-21.426,-27.056,-0.5,64,7.66970181949729,-1.5613249163458391
321,HIS,A,23.586,-25.778,-25.408,0.5,58,1932,LYS,B,24.527,-33.359,-19.965,1.0,57,9.37994088467513,2.5532989384375813
321,HIS,A,23.586,-25.778,-25.408,0.5,58,1939,HIS,B,24.682,-27.708,-22.42,0.5,58,3.722131109995992,3.2172151377378624
321,HIS,A,23.586,-25.778,-25.408,0.5,58,1942,HIS,B,24.146,-29.646,-21.675,0.5,58,5.404656603337536,2.2156627942521423
321,HIS,A,23.586,-25.778,-25.408,0.5,58,1956,ASP,B,24.185,-23.533,-23.466,-0.5,60,3.0282321575467077,-3.954418264095538
321,HIS,A,23.586,-25.778,-25.408,0.5,58,1957,ASP,B,24.443,-22.594,-25.4,-0.5,60,3.2973275542475284,-3.6316975959207936
321,HIS,A,23.586,-25.778,-25.408,0.5,58,1980,ARG,B,25.43,-17.962,-22.835,0.5,63,8.432705437758393,1.4200539364395657
321,HIS,A,23.586,-25.778,-25.408,0.5,58,1981,ARG,B,26.029,-16.425,-24.438,0.5,63,9.715336226811708,1.2325766470826456
321,HIS,A,23.586,-25.778,-25.408,0.5,58,1988,ASP,B,20.53,-19.593,-28.276,-0.5,64,7.471197025912244,-1.6028082929939844
321,HIS,A,23.586,-25.778,-25.408,0.5,58,1989,ASP,B,20.391,-21.426,-27.056,-0.5,64,5.644805842542328,-2.121400963249223
335,ASP,A,25.655,-32.102,-24.583,-0.5,60,1932,LYS,B,24.527,-33.359,-19.965,1.0,57,4.91714927574911,-4.8706662662380955
335,ASP,A,25.655,-32.102,-24.583,-0.5,60,1939,HIS,B,24.682,-27.708,-22.42,0.5,58,4.993248842186816,-2.3982174592523773
335,ASP,A,25.655,-32.102,-24.583,-0.5,60,1942,HIS,B,24.146,-29.646,-21.675,0.5,58,4.094567254301725,-2.924581722071702
335,ASP,A,25.655,-32.102,-24.583,-0.5,60,1956,ASP,B,24.185,-23.533,-23.466,-0.5,60,8.765634603381544,1.3661186090399602
335,ASP,A,25.655,-32.102,-24.583,-0.5,60,1957,ASP,B,24.443,-22.594,-25.4,-0.5,60,9.619693186375535,1.2448314431362841
336,ASP,A,25.056,-32.467,-22.483,-0.5,60,1932,LYS,B,24.527,-33.359,-19.965,1.0,57,2.723201975616206,-8.794717879135247
336,ASP,A,25.056,-32.467,-22.483,-0.5,60,1939,HIS,B,24.682,-27.708,-22.42,0.5,58,4.77408902304932,-2.508310275302637
336,ASP,A,25.056,-32.467,-22.483,-0.5,60,1942,HIS,B,24.146,-29.646,-21.675,0.5,58,3.072296372422424,-3.8977022722199974
336,ASP,A,25.056,-32.467,-22.483,-0.5,60,1956,ASP,B,24.185,-23.533,-23.466,-0.5,60,9.030021373175146,1.3261205103342422
336,ASP,A,25.056,-32.467,-22.483,-0.5,60,1957,ASP,B,24.443,-22.594,-25.4,-0.5,60,10.313136622773886,1.1611304096641837
359,ARG,A,27.076,-38.534,-21.379,0.5,63,1932,LYS,B,24.527,-33.359,-19.965,1.0,57,5.939479943564081,4.032304735602292
359,ARG,A,27.076,-38.534,-21.379,0.5,63,1939,HIS,B,24.682,-27.708,-22.42,0.5,58,11.136300687391662,1.0753029114310753
359,ARG,A,27.076,-38.534,-21.379,0.5,63,1942,HIS,B,24.146,-29.646,-21.675,0.5,58,9.36317574330419,1.278935361251512
360,ARG,A,27.131,-37.67,-23.518,0.5,63,1932,LYS,B,24.527,-33.359,-19.965,1.0,57,6.163549788879782,3.885714226995986
360,ARG,A,27.131,-37.67,-23.518,0.5,63,1939,HIS,B,24.682,-27.708,-22.42,0.5,58,10.31720160702504,1.1606729235154583
360,ARG,A,27.131,-37.67,-23.518,0.5,63,1942,HIS,B,24.146,-29.646,-21.675,0.5,58,8.757365471418902,1.3674085649167178
367,ASP,A,22.135,-36.987,-19.218,-0.5,64,1932,LYS,B,24.527,-33.359,-19.965,1.0,57,4.409314799376429,-5.431636023546171
367,ASP,A,22.135,-36.987,-19.218,-0.5,64,1939,HIS,B,24.682,-27.708,-22.42,0.5,58,10.140998668770253,-1.1808399688091342
367,ASP,A,22.135,-36.987,-19.218,-0.5,64,1942,HIS,B,24.146,-29.646,-21.675,0.5,58,7.99820298567122,-1.4971983798332156
368,ASP,A,21.786,-34.936,-19.931,-0.5,64,1932,LYS,B,24.527,-33.359,-19.965,1.0,57,3.1624620155821623,-7.573148068005957
368,ASP,A,21.786,-34.936,-19.931,-0.5,64,1939,HIS,B,24.682,-27.708,-22.42,0.5,58,8.174712288515114,-1.4648707048134295
368,ASP,A,21.786,-34.936,-19.931,-0.5,64,1942,HIS,B,24.146,-29.646,-21.675,0.5,58,6.0493996396336716,-1.9795181778483544
386,ARG,A,14.586,-42.305,-27.755,0.5,66,1717,GLU,B,18.257,-45.932,-36.284,-0.5,31,9.968711601806927,-1.20124816827418
386,ARG,A,14.586,-42.305,-27.755,0.5,66,1718,GLU,B,16.67,-44.535,-35.69,-0.5,31,8.501775167575298,-1.4085171997249337
387,ARG,A,16.563,-41.523,-28.629,0.5,66,1717,GLU,B,18.257,-45.932,-36.284,-0.5,31,8.994884212706685,-1.3313008003824793
387,ARG,A,16.563,-41.523,-28.629,0.5,66,1718,GLU,B,16.67,-44.535,-35.69,-0.5,31,7.677324664230366,-1.5597746709236755
783,HIS,A,7.109,-38.099,-41.92,0.5,116,1766,ARG,B,5.597,-39.138,-35.314,0.5,37,6.856012033244984,1.7466271199142513
783,HIS,A,7.109,-38.099,-41.92,0.5,116,1767,ARG,B,3.418,-39.779,-34.942,0.5,37,8.070834219583503,1.483724758299162
786,HIS,A,5.905,-36.417,-42.484,0.5,116,1766,ARG,B,5.597,-39.138,-35.314,0.5,37,7.675128989144092,1.5602208860153037
786,HIS,A,5.905,-36.417,-42.484,0.5,116,1767,ARG,B,3.418,-39.779,-34.942,0.5,37,8.623802931421846,1.3885865257996777
814,ASP,A,10.115,-41.244,-36.602,-0.5,120,1717,GLU,B,18.257,-45.932,-36.284,-0.5,31,9.400565514903878,1.2738485288718913
814,ASP,A,10.115,-41.244,-36.602,-0.5,120,1718,GLU,B,16.67,-44.535,-35.69,-0.5,31,7.391241438351205,1.620146852406898
814,ASP,A,10.115,-41.244,-36.602,-0.5,120,1766,ARG,B,5.597,-39.138,-35.314,0.5,37,5.148446756061482,-2.325924131899702
814,ASP,A,10.115,-41.244,-36.602,-0.5,120,1767,ARG,B,3.418,-39.779,-34.942,0.5,37,7.053483820070758,-1.6977279394402878
815,ASP,A,8.12,-40.488,-36.054,-0.5,120,1717,GLU,B,18.257,-45.932,-36.284,-0.5,31,11.50864044967954,1.0405135692685215
815,ASP,A,8.12,-40.488,-36.054,-0.5,120,1718,GLU,B,16.67,-44.535,-35.69,-0.5,31,9.466425143632629,1.2649861346845144
815,ASP,A,8.12,-40.488,-36.054,-0.5,120,1766,ARG,B,5.597,-39.138,-35.314,0.5,37,2.9556097509651034,-4.051582434999729
815,ASP,A,8.12,-40.488,-36.054,-0.5,120,1767,ARG,B,3.418,-39.779,-34.942,0.5,37,4.883444378714678,-2.4521414852022803
1208,GLU,A,11.591,-49.156,-47.023,-0.5,168,1673,ARG,B,11.83,-56.738,-50.782,0.5,25,8.466045475899593,-1.4144616380591433
1208,GLU,A,11.591,-49.156,-47.023,-0.5,168,1674,ARG,B,11.741,-54.479,-50.423,0.5,25,6.317976653961297,-1.8953689143843255
1209,GLU,A,10.911,-48.827,-49.101,-0.5,168,1673,ARG,B,11.83,-56.738,-50.782,0.5,25,8.139670939294783,-1.4711769850442673
1209,GLU,A,10.911,-48.827,-49.101,-0.5,168,1674,ARG,B,11.741,-54.479,-50.423,0.5,25,5.863590026596336,-2.0422465584066862
1288,ARG,A,17.824,-58.405,-42.567,0.5,178,1673,ARG,B,11.83,-56.738,-50.782,0.5,25,10.305006065015196,1.1620465311881871
1288,ARG,A,17.824,-58.405,-42.567,0.5,178,1674,ARG,B,11.741,-54.479,-50.423,0.5,25,10.683309459151694,1.1208976579318337
1520,GLU,A,4.78,-64.824,-55.5,-0.5,206,1673,ARG,B,11.83,-56.738,-50.782,0.5,25,11.719446232651098,-1.0217971322195532
1521,GLU,A,5.705,-62.834,-55.613,-0.5,206,1673,ARG,B,11.83,-56.738,-50.782,0.5,25,9.90027282452358,-1.2095521773967268
1521,GLU,A,5.705,-62.834,-55.613,-0.5,206,1674,ARG,B,11.741,-54.479,-50.423,0.5,25,11.540165553405204,-1.0376711232007114
1529,GLU,A,12.677,-59.724,-52.327,-0.5,207,1673,ARG,B,11.83,-56.738,-50.782,0.5,25,3.4670780204662237,-3.453887244831558
1529,GLU,A,12.677,-59.724,-52.327,-0.5,207,1674,ARG,B,11.741,-54.479,-50.423,0.5,25,5.657856219452732,-2.116507752627626
1530,GLU,A,10.938,-58.489,-52.95,-0.5,207,1673,ARG,B,11.83,-56.738,-50.782,0.5,25,2.9260705733115904,-4.092483845381593
1530,GLU,A,10.938,-58.489,-52.95,-0.5,207,1674,ARG,B,11.741,-54.479,-50.423,0.5,25,4.807352493836913,-2.490954546619185
